00000000000011
00000000001001
00000000001111
00000000010101
00000000011100
00000000100010
00000000101000
00000000101111
00000000110101
00000000111011
00000001000001
00000001001000
00000001001110
00000001010100
00000001011011
00000001100001
00000001100111
00000001101101
00000001110100
00000001111010
00000010000000
00000010000111
00000010001101
00000010010011
00000010011001
00000010100000
00000010100110
00000010101100
00000010110010
00000010111001
00000010111111
00000011000101
00000011001100
00000011010010
00000011011000
00000011011110
00000011100101
00000011101011
00000011110001
00000011110111
00000011111110
00000100000100
00000100001010
00000100010001
00000100010111
00000100011101
00000100100011
00000100101010
00000100110000
00000100110110
00000100111100
00000101000011
00000101001001
00000101001111
00000101010101
00000101011100
00000101100010
00000101101000
00000101101110
00000101110101
00000101111011
00000110000001
00000110001000
00000110001110
00000110010100
00000110011010
00000110100001
00000110100111
00000110101101
00000110110011
00000110111001
00000111000000
00000111000110
00000111001100
00000111010010
00000111011001
00000111011111
00000111100101
00000111101011
00000111110010
00000111111000
00000111111110
00001000000100
00001000001011
00001000010001
00001000010111
00001000011101
00001000100011
00001000101010
00001000110000
00001000110110
00001000111100
00001001000011
00001001001001
00001001001111
00001001010101
00001001011011
00001001100010
00001001101000
00001001101110
00001001110100
00001001111011
00001010000001
00001010000111
00001010001101
00001010010011
00001010011010
00001010100000
00001010100110
00001010101100
00001010110010
00001010111000
00001010111111
00001011000101
00001011001011
00001011010001
00001011010111
00001011011110
00001011100100
00001011101010
00001011110000
00001011110110
00001011111100
00001100000011
00001100001001
00001100001111
00001100010101
00001100011011
00001100100001
00001100101000
00001100101110
00001100110100
00001100111010
00001101000000
00001101000110
00001101001101
00001101010011
00001101011001
00001101011111
00001101100101
00001101101011
00001101110001
00001101111000
00001101111110
00001110000100
00001110001010
00001110010000
00001110010110
00001110011100
00001110100010
00001110101001
00001110101111
00001110110101
00001110111011
00001111000001
00001111000111
00001111001101
00001111010011
00001111011001
00001111011111
00001111100110
00001111101100
00001111110010
00001111111000
00001111111110
00010000000100
00010000001010
00010000010000
00010000010110
00010000011100
00010000100010
00010000101000
00010000101110
00010000110101
00010000111011
00010001000001
00010001000111
00010001001101
00010001010011
00010001011001
00010001011111
00010001100101
00010001101011
00010001110001
00010001110111
00010001111101
00010010000011
00010010001001
00010010001111
00010010010101
00010010011011
00010010100001
00010010100111
00010010101101
00010010110011
00010010111001
00010010111111
00010011000101
00010011001011
00010011010001
00010011010111
00010011011101
00010011100011
00010011101001
00010011101111
00010011110101
00010011111011
00010100000001
00010100000111
00010100001101
00010100010011
00010100011001
00010100011111
00010100100101
00010100101011
00010100110001
00010100110111
00010100111101
00010101000010
00010101001000
00010101001110
00010101010100
00010101011010
00010101100000
00010101100110
00010101101100
00010101110010
00010101111000
00010101111110
00010110000100
00010110001001
00010110001111
00010110010101
00010110011011
00010110100001
00010110100111
00010110101101
00010110110011
00010110111000
00010110111110
00010111000100
00010111001010
00010111010000
00010111010110
00010111011100
00010111100001
00010111100111
00010111101101
00010111110011
00010111111001
00010111111111
00011000000100
00011000001010
00011000010000
00011000010110
00011000011100
00011000100001
00011000100111
00011000101101
00011000110011
00011000111001
00011000111110
00011001000100
00011001001010
00011001010000
00011001010110
00011001011011
00011001100001
00011001100111
00011001101101
00011001110010
00011001111000
00011001111110
00011010000100
00011010001001
00011010001111
00011010010101
00011010011010
00011010100000
00011010100110
00011010101100
00011010110001
00011010110111
00011010111101
00011011000010
00011011001000
00011011001110
00011011010011
00011011011001
00011011011111
00011011100101
00011011101010
00011011110000
00011011110110
00011011111011
00011100000001
00011100000110
00011100001100
00011100010010
00011100010111
00011100011101
00011100100011
00011100101000
00011100101110
00011100110011
00011100111001
00011100111111
00011101000100
00011101001010
00011101001111
00011101010101
00011101011011
00011101100000
00011101100110
00011101101011
00011101110001
00011101110110
00011101111100
00011110000010
00011110000111
00011110001101
00011110010010
00011110011000
00011110011101
00011110100011
00011110101000
00011110101110
00011110110011
00011110111001
00011110111110
00011111000100
00011111001001
00011111001111
00011111010100
00011111011010
00011111011111
00011111100101
00011111101010
00011111110000
00011111110101
00011111111010
00100000000000
00100000000101
00100000001011
00100000010000
00100000010110
00100000011011
00100000100000
00100000100110
00100000101011
00100000110001
00100000110110
00100000111011
00100001000001
00100001000110
00100001001100
00100001010001
00100001010110
00100001011100
00100001100001
00100001100110
00100001101100
00100001110001
00100001110110
00100001111100
00100010000001
00100010000110
00100010001100
00100010010001
00100010010110
00100010011100
00100010100001
00100010100110
00100010101011
00100010110001
00100010110110
00100010111011
00100011000000
00100011000110
00100011001011
00100011010000
00100011010101
00100011011011
00100011100000
00100011100101
00100011101010
00100011110000
00100011110101
00100011111010
00100011111111
00100100000100
00100100001010
00100100001111
00100100010100
00100100011001
00100100011110
00100100100011
00100100101001
00100100101110
00100100110011
00100100111000
00100100111101
00100101000010
00100101000111
00100101001100
00100101010010
00100101010111
00100101011100
00100101100001
00100101100110
00100101101011
00100101110000
00100101110101
00100101111010
00100101111111
00100110000100
00100110001001
00100110001110
00100110010011
00100110011001
00100110011110
00100110100011
00100110101000
00100110101101
00100110110010
00100110110111
00100110111100
00100111000001
00100111000110
00100111001010
00100111001111
00100111010100
00100111011001
00100111011110
00100111100011
00100111101000
00100111101101
00100111110010
00100111110111
00100111111100
00101000000001
00101000000110
00101000001011
00101000001111
00101000010100
00101000011001
00101000011110
00101000100011
00101000101000
00101000101101
00101000110001
00101000110110
00101000111011
00101001000000
00101001000101
00101001001010
00101001001110
00101001010011
00101001011000
00101001011101
00101001100010
00101001100110
00101001101011
00101001110000
00101001110101
00101001111001
00101001111110
00101010000011
00101010001000
00101010001100
00101010010001
00101010010110
00101010011010
00101010011111
00101010100100
00101010101001
00101010101101
00101010110010
00101010110111
00101010111011
00101011000000
00101011000101
00101011001001
00101011001110
00101011010010
00101011010111
00101011011100
00101011100000
00101011100101
00101011101001
00101011101110
00101011110011
00101011110111
00101011111100
00101100000000
00101100000101
00101100001001
00101100001110
00101100010011
00101100010111
00101100011100
00101100100000
00101100100101
00101100101001
00101100101110
00101100110010
00101100110111
00101100111011
00101101000000
00101101000100
00101101001000
00101101001101
00101101010001
00101101010110
00101101011010
00101101011111
00101101100011
00101101100111
00101101101100
00101101110000
00101101110101
00101101111001
00101101111101
00101110000010
00101110000110
00101110001010
00101110001111
00101110010011
00101110010111
00101110011100
00101110100000
00101110100100
00101110101001
00101110101101
00101110110001
00101110110110
00101110111010
00101110111110
00101111000010
00101111000111
00101111001011
00101111001111
00101111010011
00101111011000
00101111011100
00101111100000
00101111100100
00101111101000
00101111101101
00101111110001
00101111110101
00101111111001
00101111111101
00110000000001
00110000000110
00110000001010
00110000001110
00110000010010
00110000010110
00110000011010
00110000011110
00110000100010
00110000100111
00110000101011
00110000101111
00110000110011
00110000110111
00110000111011
00110000111111
00110001000011
00110001000111
00110001001011
00110001001111
00110001010011
00110001010111
00110001011011
00110001011111
00110001100011
00110001100111
00110001101011
00110001101111
00110001110011
00110001110111
00110001111011
00110001111111
00110010000010
00110010000110
00110010001010
00110010001110
00110010010010
00110010010110
00110010011010
00110010011110
00110010100010
00110010100101
00110010101001
00110010101101
00110010110001
00110010110101
00110010111001
00110010111100
00110011000000
00110011000100
00110011001000
00110011001011
00110011001111
00110011010011
00110011010111
00110011011011
00110011011110
00110011100010
00110011100110
00110011101001
00110011101101
00110011110001
00110011110100
00110011111000
00110011111100
00110011111111
00110100000011
00110100000111
00110100001010
00110100001110
00110100010010
00110100010101
00110100011001
00110100011101
00110100100000
00110100100100
00110100100111
00110100101011
00110100101110
00110100110010
00110100110110
00110100111001
00110100111101
00110101000000
00110101000100
00110101000111
00110101001011
00110101001110
00110101010010
00110101010101
00110101011001
00110101011100
00110101011111
00110101100011
00110101100110
00110101101010
00110101101101
00110101110001
00110101110100
00110101110111
00110101111011
00110101111110
00110110000001
00110110000101
00110110001000
00110110001100
00110110001111
00110110010010
00110110010110
00110110011001
00110110011100
00110110011111
00110110100011
00110110100110
00110110101001
00110110101101
00110110110000
00110110110011
00110110110110
00110110111010
00110110111101
00110111000000
00110111000011
00110111000110
00110111001010
00110111001101
00110111010000
00110111010011
00110111010110
00110111011001
00110111011100
00110111100000
00110111100011
00110111100110
00110111101001
00110111101100
00110111101111
00110111110010
00110111110101
00110111111000
00110111111011
00110111111110
00111000000001
00111000000101
00111000001000
00111000001011
00111000001110
00111000010001
00111000010100
00111000010111
00111000011001
00111000011100
00111000011111
00111000100010
00111000100101
00111000101000
00111000101011
00111000101110
00111000110001
00111000110100
00111000110111
00111000111010
00111000111100
00111000111111
00111001000010
00111001000101
00111001001000
00111001001011
00111001001101
00111001010000
00111001010011
00111001010110
00111001011001
00111001011011
00111001011110
00111001100001
00111001100100
00111001100110
00111001101001
00111001101100
00111001101111
00111001110001
00111001110100
00111001110111
00111001111001
00111001111100
00111001111111
00111010000001
00111010000100
00111010000111
00111010001001
00111010001100
00111010001110
00111010010001
00111010010100
00111010010110
00111010011001
00111010011011
00111010011110
00111010100000
00111010100011
00111010100110
00111010101000
00111010101011
00111010101101
00111010110000
00111010110010
00111010110101
00111010110111
00111010111001
00111010111100
00111010111110
00111011000001
00111011000011
00111011000110
00111011001000
00111011001010
00111011001101
00111011001111
00111011010010
00111011010100
00111011010110
00111011011001
00111011011011
00111011011101
00111011100000
00111011100010
00111011100100
00111011100110
00111011101001
00111011101011
00111011101101
00111011101111
00111011110010
00111011110100
00111011110110
00111011111000
00111011111011
00111011111101
00111011111111
00111100000001
00111100000011
00111100000110
00111100001000
00111100001010
00111100001100
00111100001110
00111100010000
00111100010010
00111100010100
00111100010110
00111100011001
00111100011011
00111100011101
00111100011111
00111100100001
00111100100011
00111100100101
00111100100111
00111100101001
00111100101011
00111100101101
00111100101111
00111100110001
00111100110011
00111100110101
00111100110111
00111100111001
00111100111011
00111100111100
00111100111110
00111101000000
00111101000010
00111101000100
00111101000110
00111101001000
00111101001010
00111101001011
00111101001101
00111101001111
00111101010001
00111101010011
00111101010100
00111101010110
00111101011000
00111101011010
00111101011100
00111101011101
00111101011111
00111101100001
00111101100011
00111101100100
00111101100110
00111101101000
00111101101001
00111101101011
00111101101101
00111101101110
00111101110000
00111101110010
00111101110011
00111101110101
00111101110110
00111101111000
00111101111010
00111101111011
00111101111101
00111101111110
00111110000000
00111110000001
00111110000011
00111110000101
00111110000110
00111110001000
00111110001001
00111110001011
00111110001100
00111110001110
00111110001111
00111110010000
00111110010010
00111110010011
00111110010101
00111110010110
00111110011000
00111110011001
00111110011010
00111110011100
00111110011101
00111110011110
00111110100000
00111110100001
00111110100010
00111110100100
00111110100101
00111110100110
00111110101000
00111110101001
00111110101010
00111110101011
00111110101101
00111110101110
00111110101111
00111110110000
00111110110010
00111110110011
00111110110100
00111110110101
00111110110110
00111110111000
00111110111001
00111110111010
00111110111011
00111110111100
00111110111101
00111110111110
00111110111111
00111111000001
00111111000010
00111111000011
00111111000100
00111111000101
00111111000110
00111111000111
00111111001000
00111111001001
00111111001010
00111111001011
00111111001100
00111111001101
00111111001110
00111111001111
00111111010000
00111111010001
00111111010010
00111111010011
00111111010100
00111111010100
00111111010101
00111111010110
00111111010111
00111111011000
00111111011001
00111111011010
00111111011011
00111111011011
00111111011100
00111111011101
00111111011110
00111111011111
00111111011111
00111111100000
00111111100001
00111111100010
00111111100010
00111111100011
00111111100100
00111111100100
00111111100101
00111111100110
00111111100111
00111111100111
00111111101000
00111111101001
00111111101001
00111111101010
00111111101010
00111111101011
00111111101100
00111111101100
00111111101101
00111111101101
00111111101110
00111111101111
00111111101111
00111111110000
00111111110000
00111111110001
00111111110001
00111111110010
00111111110010
00111111110011
00111111110011
00111111110100
00111111110100
00111111110101
00111111110101
00111111110101
00111111110110
00111111110110
00111111110111
00111111110111
00111111110111
00111111111000
00111111111000
00111111111000
00111111111001
00111111111001
00111111111001
00111111111010
00111111111010
00111111111010
00111111111011
00111111111011
00111111111011
00111111111011
00111111111100
00111111111100
00111111111100
00111111111100
00111111111100
00111111111101
00111111111101
00111111111101
00111111111101
00111111111101
00111111111101
00111111111110
00111111111110
00111111111110
00111111111110
00111111111110
00111111111110
00111111111110
00111111111110
00111111111110
00111111111110
00111111111110
00111111111110
00111111111110
00111111111110
00111111111110
00111111111110
00111111111110
00111111111110
00111111111110
00111111111110
00111111111110
00111111111110
00111111111110
00111111111110
00111111111110
00111111111110
00111111111110
00111111111110
00111111111101
00111111111101
00111111111101
00111111111101
00111111111101
00111111111101
00111111111100
00111111111100
00111111111100
00111111111100
00111111111100
00111111111011
00111111111011
00111111111011
00111111111011
00111111111010
00111111111010
00111111111010
00111111111001
00111111111001
00111111111001
00111111111000
00111111111000
00111111111000
00111111110111
00111111110111
00111111110111
00111111110110
00111111110110
00111111110101
00111111110101
00111111110101
00111111110100
00111111110100
00111111110011
00111111110011
00111111110010
00111111110010
00111111110001
00111111110001
00111111110000
00111111110000
00111111101111
00111111101111
00111111101110
00111111101101
00111111101101
00111111101100
00111111101100
00111111101011
00111111101010
00111111101010
00111111101001
00111111101001
00111111101000
00111111100111
00111111100111
00111111100110
00111111100101
00111111100100
00111111100100
00111111100011
00111111100010
00111111100010
00111111100001
00111111100000
00111111011111
00111111011111
00111111011110
00111111011101
00111111011100
00111111011011
00111111011011
00111111011010
00111111011001
00111111011000
00111111010111
00111111010110
00111111010101
00111111010100
00111111010100
00111111010011
00111111010010
00111111010001
00111111010000
00111111001111
00111111001110
00111111001101
00111111001100
00111111001011
00111111001010
00111111001001
00111111001000
00111111000111
00111111000110
00111111000101
00111111000100
00111111000011
00111111000010
00111111000001
00111110111111
00111110111110
00111110111101
00111110111100
00111110111011
00111110111010
00111110111001
00111110111000
00111110110110
00111110110101
00111110110100
00111110110011
00111110110010
00111110110000
00111110101111
00111110101110
00111110101101
00111110101011
00111110101010
00111110101001
00111110101000
00111110100110
00111110100101
00111110100100
00111110100010
00111110100001
00111110100000
00111110011110
00111110011101
00111110011100
00111110011010
00111110011001
00111110011000
00111110010110
00111110010101
00111110010011
00111110010010
00111110010000
00111110001111
00111110001110
00111110001100
00111110001011
00111110001001
00111110001000
00111110000110
00111110000101
00111110000011
00111110000001
00111110000000
00111101111110
00111101111101
00111101111011
00111101111010
00111101111000
00111101110110
00111101110101
00111101110011
00111101110010
00111101110000
00111101101110
00111101101101
00111101101011
00111101101001
00111101101000
00111101100110
00111101100100
00111101100011
00111101100001
00111101011111
00111101011101
00111101011100
00111101011010
00111101011000
00111101010110
00111101010100
00111101010011
00111101010001
00111101001111
00111101001101
00111101001011
00111101001010
00111101001000
00111101000110
00111101000100
00111101000010
00111101000000
00111100111110
00111100111100
00111100111011
00111100111001
00111100110111
00111100110101
00111100110011
00111100110001
00111100101111
00111100101101
00111100101011
00111100101001
00111100100111
00111100100101
00111100100011
00111100100001
00111100011111
00111100011101
00111100011011
00111100011001
00111100010110
00111100010100
00111100010010
00111100010000
00111100001110
00111100001100
00111100001010
00111100001000
00111100000110
00111100000011
00111100000001
00111011111111
00111011111101
00111011111011
00111011111000
00111011110110
00111011110100
00111011110010
00111011101111
00111011101101
00111011101011
00111011101001
00111011100110
00111011100100
00111011100010
00111011100000
00111011011101
00111011011011
00111011011001
00111011010110
00111011010100
00111011010010
00111011001111
00111011001101
00111011001010
00111011001000
00111011000110
00111011000011
00111011000001
00111010111110
00111010111100
00111010111001
00111010110111
00111010110101
00111010110010
00111010110000
00111010101101
00111010101011
00111010101000
00111010100110
00111010100011
00111010100000
00111010011110
00111010011011
00111010011001
00111010010110
00111010010100
00111010010001
00111010001110
00111010001100
00111010001001
00111010000111
00111010000100
00111010000001
00111001111111
00111001111100
00111001111001
00111001110111
00111001110100
00111001110001
00111001101111
00111001101100
00111001101001
00111001100110
00111001100100
00111001100001
00111001011110
00111001011011
00111001011001
00111001010110
00111001010011
00111001010000
00111001001101
00111001001011
00111001001000
00111001000101
00111001000010
00111000111111
00111000111100
00111000111010
00111000110111
00111000110100
00111000110001
00111000101110
00111000101011
00111000101000
00111000100101
00111000100010
00111000011111
00111000011100
00111000011001
00111000010111
00111000010100
00111000010001
00111000001110
00111000001011
00111000001000
00111000000101
00111000000001
00110111111110
00110111111011
00110111111000
00110111110101
00110111110010
00110111101111
00110111101100
00110111101001
00110111100110
00110111100011
00110111100000
00110111011100
00110111011001
00110111010110
00110111010011
00110111010000
00110111001101
00110111001010
00110111000110
00110111000011
00110111000000
00110110111101
00110110111010
00110110110110
00110110110011
00110110110000
00110110101101
00110110101001
00110110100110
00110110100011
00110110011111
00110110011100
00110110011001
00110110010110
00110110010010
00110110001111
00110110001100
00110110001000
00110110000101
00110110000001
00110101111110
00110101111011
00110101110111
00110101110100
00110101110001
00110101101101
00110101101010
00110101100110
00110101100011
00110101011111
00110101011100
00110101011001
00110101010101
00110101010010
00110101001110
00110101001011
00110101000111
00110101000100
00110101000000
00110100111101
00110100111001
00110100110110
00110100110010
00110100101110
00110100101011
00110100100111
00110100100100
00110100100000
00110100011101
00110100011001
00110100010101
00110100010010
00110100001110
00110100001010
00110100000111
00110100000011
00110011111111
00110011111100
00110011111000
00110011110100
00110011110001
00110011101101
00110011101001
00110011100110
00110011100010
00110011011110
00110011011011
00110011010111
00110011010011
00110011001111
00110011001011
00110011001000
00110011000100
00110011000000
00110010111100
00110010111001
00110010110101
00110010110001
00110010101101
00110010101001
00110010100101
00110010100010
00110010011110
00110010011010
00110010010110
00110010010010
00110010001110
00110010001010
00110010000110
00110010000010
00110001111111
00110001111011
00110001110111
00110001110011
00110001101111
00110001101011
00110001100111
00110001100011
00110001011111
00110001011011
00110001010111
00110001010011
00110001001111
00110001001011
00110001000111
00110001000011
00110000111111
00110000111011
00110000110111
00110000110011
00110000101111
00110000101011
00110000100111
00110000100010
00110000011110
00110000011010
00110000010110
00110000010010
00110000001110
00110000001010
00110000000110
00110000000001
00101111111101
00101111111001
00101111110101
00101111110001
00101111101101
00101111101000
00101111100100
00101111100000
00101111011100
00101111011000
00101111010011
00101111001111
00101111001011
00101111000111
00101111000010
00101110111110
00101110111010
00101110110110
00101110110001
00101110101101
00101110101001
00101110100100
00101110100000
00101110011100
00101110010111
00101110010011
00101110001111
00101110001010
00101110000110
00101110000010
00101101111101
00101101111001
00101101110101
00101101110000
00101101101100
00101101100111
00101101100011
00101101011111
00101101011010
00101101010110
00101101010001
00101101001101
00101101001000
00101101000100
00101101000000
00101100111011
00101100110111
00101100110010
00101100101110
00101100101001
00101100100101
00101100100000
00101100011100
00101100010111
00101100010011
00101100001110
00101100001001
00101100000101
00101100000000
00101011111100
00101011110111
00101011110011
00101011101110
00101011101001
00101011100101
00101011100000
00101011011100
00101011010111
00101011010010
00101011001110
00101011001001
00101011000101
00101011000000
00101010111011
00101010110111
00101010110010
00101010101101
00101010101001
00101010100100
00101010011111
00101010011010
00101010010110
00101010010001
00101010001100
00101010001000
00101010000011
00101001111110
00101001111001
00101001110101
00101001110000
00101001101011
00101001100110
00101001100010
00101001011101
00101001011000
00101001010011
00101001001110
00101001001010
00101001000101
00101001000000
00101000111011
00101000110110
00101000110001
00101000101101
00101000101000
00101000100011
00101000011110
00101000011001
00101000010100
00101000001111
00101000001011
00101000000110
00101000000001
00100111111100
00100111110111
00100111110010
00100111101101
00100111101000
00100111100011
00100111011110
00100111011001
00100111010100
00100111001111
00100111001010
00100111000110
00100111000001
00100110111100
00100110110111
00100110110010
00100110101101
00100110101000
00100110100011
00100110011110
00100110011001
00100110010011
00100110001110
00100110001001
00100110000100
00100101111111
00100101111010
00100101110101
00100101110000
00100101101011
00100101100110
00100101100001
00100101011100
00100101010111
00100101010010
00100101001100
00100101000111
00100101000010
00100100111101
00100100111000
00100100110011
00100100101110
00100100101001
00100100100011
00100100011110
00100100011001
00100100010100
00100100001111
00100100001010
00100100000100
00100011111111
00100011111010
00100011110101
00100011110000
00100011101010
00100011100101
00100011100000
00100011011011
00100011010101
00100011010000
00100011001011
00100011000110
00100011000000
00100010111011
00100010110110
00100010110001
00100010101011
00100010100110
00100010100001
00100010011100
00100010010110
00100010010001
00100010001100
00100010000110
00100010000001
00100001111100
00100001110110
00100001110001
00100001101100
00100001100110
00100001100001
00100001011100
00100001010110
00100001010001
00100001001100
00100001000110
00100001000001
00100000111011
00100000110110
00100000110001
00100000101011
00100000100110
00100000100000
00100000011011
00100000010110
00100000010000
00100000001011
00100000000101
00100000000000
00011111111010
00011111110101
00011111110000
00011111101010
00011111100101
00011111011111
00011111011010
00011111010100
00011111001111
00011111001001
00011111000100
00011110111110
00011110111001
00011110110011
00011110101110
00011110101000
00011110100011
00011110011101
00011110011000
00011110010010
00011110001101
00011110000111
00011110000010
00011101111100
00011101110110
00011101110001
00011101101011
00011101100110
00011101100000
00011101011011
00011101010101
00011101001111
00011101001010
00011101000100
00011100111111
00011100111001
00011100110011
00011100101110
00011100101000
00011100100011
00011100011101
00011100010111
00011100010010
00011100001100
00011100000110
00011100000001
00011011111011
00011011110110
00011011110000
00011011101010
00011011100101
00011011011111
00011011011001
00011011010011
00011011001110
00011011001000
00011011000010
00011010111101
00011010110111
00011010110001
00011010101100
00011010100110
00011010100000
00011010011010
00011010010101
00011010001111
00011010001001
00011010000100
00011001111110
00011001111000
00011001110010
00011001101101
00011001100111
00011001100001
00011001011011
00011001010110
00011001010000
00011001001010
00011001000100
00011000111110
00011000111001
00011000110011
00011000101101
00011000100111
00011000100001
00011000011100
00011000010110
00011000010000
00011000001010
00011000000100
00010111111111
00010111111001
00010111110011
00010111101101
00010111100111
00010111100001
00010111011100
00010111010110
00010111010000
00010111001010
00010111000100
00010110111110
00010110111000
00010110110011
00010110101101
00010110100111
00010110100001
00010110011011
00010110010101
00010110001111
00010110001001
00010110000100
00010101111110
00010101111000
00010101110010
00010101101100
00010101100110
00010101100000
00010101011010
00010101010100
00010101001110
00010101001000
00010101000010
00010100111101
00010100110111
00010100110001
00010100101011
00010100100101
00010100011111
00010100011001
00010100010011
00010100001101
00010100000111
00010100000001
00010011111011
00010011110101
00010011101111
00010011101001
00010011100011
00010011011101
00010011010111
00010011010001
00010011001011
00010011000101
00010010111111
00010010111001
00010010110011
00010010101101
00010010100111
00010010100001
00010010011011
00010010010101
00010010001111
00010010001001
00010010000011
00010001111101
00010001110111
00010001110001
00010001101011
00010001100101
00010001011111
00010001011001
00010001010011
00010001001101
00010001000111
00010001000001
00010000111011
00010000110101
00010000101110
00010000101000
00010000100010
00010000011100
00010000010110
00010000010000
00010000001010
00010000000100
00001111111110
00001111111000
00001111110010
00001111101100
00001111100110
00001111011111
00001111011001
00001111010011
00001111001101
00001111000111
00001111000001
00001110111011
00001110110101
00001110101111
00001110101001
00001110100010
00001110011100
00001110010110
00001110010000
00001110001010
00001110000100
00001101111110
00001101111000
00001101110001
00001101101011
00001101100101
00001101011111
00001101011001
00001101010011
00001101001101
00001101000110
00001101000000
00001100111010
00001100110100
00001100101110
00001100101000
00001100100001
00001100011011
00001100010101
00001100001111
00001100001001
00001100000011
00001011111100
00001011110110
00001011110000
00001011101010
00001011100100
00001011011110
00001011010111
00001011010001
00001011001011
00001011000101
00001010111111
00001010111000
00001010110010
00001010101100
00001010100110
00001010100000
00001010011010
00001010010011
00001010001101
00001010000111
00001010000001
00001001111011
00001001110100
00001001101110
00001001101000
00001001100010
00001001011011
00001001010101
00001001001111
00001001001001
00001001000011
00001000111100
00001000110110
00001000110000
00001000101010
00001000100011
00001000011101
00001000010111
00001000010001
00001000001011
00001000000100
00000111111110
00000111111000
00000111110010
00000111101011
00000111100101
00000111011111
00000111011001
00000111010010
00000111001100
00000111000110
00000111000000
00000110111001
00000110110011
00000110101101
00000110100111
00000110100001
00000110011010
00000110010100
00000110001110
00000110001000
00000110000001
00000101111011
00000101110101
00000101101110
00000101101000
00000101100010
00000101011100
00000101010101
00000101001111
00000101001001
00000101000011
00000100111100
00000100110110
00000100110000
00000100101010
00000100100011
00000100011101
00000100010111
00000100010001
00000100001010
00000100000100
00000011111110
00000011110111
00000011110001
00000011101011
00000011100101
00000011011110
00000011011000
00000011010010
00000011001100
00000011000101
00000010111111
00000010111001
00000010110010
00000010101100
00000010100110
00000010100000
00000010011001
00000010010011
00000010001101
00000010000111
00000010000000
00000001111010
00000001110100
00000001101101
00000001100111
00000001100001
00000001011011
00000001010100
00000001001110
00000001001000
00000001000001
00000000111011
00000000110101
00000000101111
00000000101000
00000000100010
00000000011100
00000000010101
00000000001111
00000000001001
00000000000011
11111111111101
11111111110111
11111111110001
11111111101011
11111111100100
11111111011110
11111111011000
11111111010001
11111111001011
11111111000101
11111110111111
11111110111000
11111110110010
11111110101100
11111110100101
11111110011111
11111110011001
11111110010011
11111110001100
11111110000110
11111110000000
11111101111001
11111101110011
11111101101101
11111101100111
11111101100000
11111101011010
11111101010100
11111101001110
11111101000111
11111101000001
11111100111011
11111100110100
11111100101110
11111100101000
11111100100010
11111100011011
11111100010101
11111100001111
11111100001001
11111100000010
11111011111100
11111011110110
11111011101111
11111011101001
11111011100011
11111011011101
11111011010110
11111011010000
11111011001010
11111011000100
11111010111101
11111010110111
11111010110001
11111010101011
11111010100100
11111010011110
11111010011000
11111010010010
11111010001011
11111010000101
11111001111111
11111001111000
11111001110010
11111001101100
11111001100110
11111001011111
11111001011001
11111001010011
11111001001101
11111001000111
11111001000000
11111000111010
11111000110100
11111000101110
11111000100111
11111000100001
11111000011011
11111000010101
11111000001110
11111000001000
11111000000010
11110111111100
11110111110101
11110111101111
11110111101001
11110111100011
11110111011101
11110111010110
11110111010000
11110111001010
11110111000100
11110110111101
11110110110111
11110110110001
11110110101011
11110110100101
11110110011110
11110110011000
11110110010010
11110110001100
11110110000101
11110101111111
11110101111001
11110101110011
11110101101101
11110101100110
11110101100000
11110101011010
11110101010100
11110101001110
11110101001000
11110101000001
11110100111011
11110100110101
11110100101111
11110100101001
11110100100010
11110100011100
11110100010110
11110100010000
11110100001010
11110100000100
11110011111101
11110011110111
11110011110001
11110011101011
11110011100101
11110011011111
11110011011000
11110011010010
11110011001100
11110011000110
11110011000000
11110010111010
11110010110011
11110010101101
11110010100111
11110010100001
11110010011011
11110010010101
11110010001111
11110010001000
11110010000010
11110001111100
11110001110110
11110001110000
11110001101010
11110001100100
11110001011110
11110001010111
11110001010001
11110001001011
11110001000101
11110000111111
11110000111001
11110000110011
11110000101101
11110000100111
11110000100001
11110000011010
11110000010100
11110000001110
11110000001000
11110000000010
11101111111100
11101111110110
11101111110000
11101111101010
11101111100100
11101111011110
11101111011000
11101111010010
11101111001011
11101111000101
11101110111111
11101110111001
11101110110011
11101110101101
11101110100111
11101110100001
11101110011011
11101110010101
11101110001111
11101110001001
11101110000011
11101101111101
11101101110111
11101101110001
11101101101011
11101101100101
11101101011111
11101101011001
11101101010011
11101101001101
11101101000111
11101101000001
11101100111011
11101100110101
11101100101111
11101100101001
11101100100011
11101100011101
11101100010111
11101100010001
11101100001011
11101100000101
11101011111111
11101011111001
11101011110011
11101011101101
11101011100111
11101011100001
11101011011011
11101011010101
11101011001111
11101011001001
11101011000011
11101010111110
11101010111000
11101010110010
11101010101100
11101010100110
11101010100000
11101010011010
11101010010100
11101010001110
11101010001000
11101010000010
11101001111100
11101001110111
11101001110001
11101001101011
11101001100101
11101001011111
11101001011001
11101001010011
11101001001101
11101001001000
11101001000010
11101000111100
11101000110110
11101000110000
11101000101010
11101000100100
11101000011111
11101000011001
11101000010011
11101000001101
11101000000111
11101000000001
11100111111100
11100111110110
11100111110000
11100111101010
11100111100100
11100111011111
11100111011001
11100111010011
11100111001101
11100111000111
11100111000010
11100110111100
11100110110110
11100110110000
11100110101010
11100110100101
11100110011111
11100110011001
11100110010011
11100110001110
11100110001000
11100110000010
11100101111100
11100101110111
11100101110001
11100101101011
11100101100110
11100101100000
11100101011010
11100101010100
11100101001111
11100101001001
11100101000011
11100100111110
11100100111000
11100100110010
11100100101101
11100100100111
11100100100001
11100100011011
11100100010110
11100100010000
11100100001010
11100100000101
11100011111111
11100011111010
11100011110100
11100011101110
11100011101001
11100011100011
11100011011101
11100011011000
11100011010010
11100011001101
11100011000111
11100011000001
11100010111100
11100010110110
11100010110001
11100010101011
11100010100101
11100010100000
11100010011010
11100010010101
11100010001111
11100010001010
11100010000100
11100001111110
11100001111001
11100001110011
11100001101110
11100001101000
11100001100011
11100001011101
11100001011000
11100001010010
11100001001101
11100001000111
11100001000010
11100000111100
11100000110111
11100000110001
11100000101100
11100000100110
11100000100001
11100000011011
11100000010110
11100000010000
11100000001011
11100000000110
11100000000000
11011111111011
11011111110101
11011111110000
11011111101010
11011111100101
11011111100000
11011111011010
11011111010101
11011111001111
11011111001010
11011111000101
11011110111111
11011110111010
11011110110100
11011110101111
11011110101010
11011110100100
11011110011111
11011110011010
11011110010100
11011110001111
11011110001010
11011110000100
11011101111111
11011101111010
11011101110100
11011101101111
11011101101010
11011101100100
11011101011111
11011101011010
11011101010101
11011101001111
11011101001010
11011101000101
11011101000000
11011100111010
11011100110101
11011100110000
11011100101011
11011100100101
11011100100000
11011100011011
11011100010110
11011100010000
11011100001011
11011100000110
11011100000001
11011011111100
11011011110110
11011011110001
11011011101100
11011011100111
11011011100010
11011011011101
11011011010111
11011011010010
11011011001101
11011011001000
11011011000011
11011010111110
11011010111001
11011010110100
11011010101110
11011010101001
11011010100100
11011010011111
11011010011010
11011010010101
11011010010000
11011010001011
11011010000110
11011010000001
11011001111100
11011001110111
11011001110010
11011001101101
11011001100111
11011001100010
11011001011101
11011001011000
11011001010011
11011001001110
11011001001001
11011001000100
11011000111111
11011000111010
11011000110110
11011000110001
11011000101100
11011000100111
11011000100010
11011000011101
11011000011000
11011000010011
11011000001110
11011000001001
11011000000100
11010111111111
11010111111010
11010111110101
11010111110001
11010111101100
11010111100111
11010111100010
11010111011101
11010111011000
11010111010011
11010111001111
11010111001010
11010111000101
11010111000000
11010110111011
11010110110110
11010110110010
11010110101101
11010110101000
11010110100011
11010110011110
11010110011010
11010110010101
11010110010000
11010110001011
11010110000111
11010110000010
11010101111101
11010101111000
11010101110100
11010101101111
11010101101010
11010101100110
11010101100001
11010101011100
11010101010111
11010101010011
11010101001110
11010101001001
11010101000101
11010101000000
11010100111011
11010100110111
11010100110010
11010100101110
11010100101001
11010100100100
11010100100000
11010100011011
11010100010111
11010100010010
11010100001101
11010100001001
11010100000100
11010100000000
11010011111011
11010011110111
11010011110010
11010011101101
11010011101001
11010011100100
11010011100000
11010011011011
11010011010111
11010011010010
11010011001110
11010011001001
11010011000101
11010011000000
11010010111100
11010010111000
11010010110011
11010010101111
11010010101010
11010010100110
11010010100001
11010010011101
11010010011001
11010010010100
11010010010000
11010010001011
11010010000111
11010010000011
11010001111110
11010001111010
11010001110110
11010001110001
11010001101101
11010001101001
11010001100100
11010001100000
11010001011100
11010001010111
11010001010011
11010001001111
11010001001010
11010001000110
11010001000010
11010000111110
11010000111001
11010000110101
11010000110001
11010000101101
11010000101000
11010000100100
11010000100000
11010000011100
11010000011000
11010000010011
11010000001111
11010000001011
11010000000111
11010000000011
11001111111111
11001111111010
11001111110110
11001111110010
11001111101110
11001111101010
11001111100110
11001111100010
11001111011110
11001111011001
11001111010101
11001111010001
11001111001101
11001111001001
11001111000101
11001111000001
11001110111101
11001110111001
11001110110101
11001110110001
11001110101101
11001110101001
11001110100101
11001110100001
11001110011101
11001110011001
11001110010101
11001110010001
11001110001101
11001110001001
11001110000101
11001110000001
11001101111110
11001101111010
11001101110110
11001101110010
11001101101110
11001101101010
11001101100110
11001101100010
11001101011110
11001101011011
11001101010111
11001101010011
11001101001111
11001101001011
11001101000111
11001101000100
11001101000000
11001100111100
11001100111000
11001100110101
11001100110001
11001100101101
11001100101001
11001100100101
11001100100010
11001100011110
11001100011010
11001100010111
11001100010011
11001100001111
11001100001100
11001100001000
11001100000100
11001100000001
11001011111101
11001011111001
11001011110110
11001011110010
11001011101110
11001011101011
11001011100111
11001011100011
11001011100000
11001011011100
11001011011001
11001011010101
11001011010010
11001011001110
11001011001010
11001011000111
11001011000011
11001011000000
11001010111100
11001010111001
11001010110101
11001010110010
11001010101110
11001010101011
11001010100111
11001010100100
11001010100001
11001010011101
11001010011010
11001010010110
11001010010011
11001010001111
11001010001100
11001010001001
11001010000101
11001010000010
11001001111111
11001001111011
11001001111000
11001001110100
11001001110001
11001001101110
11001001101010
11001001100111
11001001100100
11001001100001
11001001011101
11001001011010
11001001010111
11001001010011
11001001010000
11001001001101
11001001001010
11001001000110
11001001000011
11001001000000
11001000111101
11001000111010
11001000110110
11001000110011
11001000110000
11001000101101
11001000101010
11001000100111
11001000100100
11001000100000
11001000011101
11001000011010
11001000010111
11001000010100
11001000010001
11001000001110
11001000001011
11001000001000
11001000000101
11001000000010
11000111111111
11000111111011
11000111111000
11000111110101
11000111110010
11000111101111
11000111101100
11000111101001
11000111100111
11000111100100
11000111100001
11000111011110
11000111011011
11000111011000
11000111010101
11000111010010
11000111001111
11000111001100
11000111001001
11000111000110
11000111000100
11000111000001
11000110111110
11000110111011
11000110111000
11000110110101
11000110110011
11000110110000
11000110101101
11000110101010
11000110100111
11000110100101
11000110100010
11000110011111
11000110011100
11000110011010
11000110010111
11000110010100
11000110010001
11000110001111
11000110001100
11000110001001
11000110000111
11000110000100
11000110000001
11000101111111
11000101111100
11000101111001
11000101110111
11000101110100
11000101110010
11000101101111
11000101101100
11000101101010
11000101100111
11000101100101
11000101100010
11000101100000
11000101011101
11000101011010
11000101011000
11000101010101
11000101010011
11000101010000
11000101001110
11000101001011
11000101001001
11000101000111
11000101000100
11000101000010
11000100111111
11000100111101
11000100111010
11000100111000
11000100110110
11000100110011
11000100110001
11000100101110
11000100101100
11000100101010
11000100100111
11000100100101
11000100100011
11000100100000
11000100011110
11000100011100
11000100011010
11000100010111
11000100010101
11000100010011
11000100010001
11000100001110
11000100001100
11000100001010
11000100001000
11000100000101
11000100000011
11000100000001
11000011111111
11000011111101
11000011111010
11000011111000
11000011110110
11000011110100
11000011110010
11000011110000
11000011101110
11000011101100
11000011101010
11000011100111
11000011100101
11000011100011
11000011100001
11000011011111
11000011011101
11000011011011
11000011011001
11000011010111
11000011010101
11000011010011
11000011010001
11000011001111
11000011001101
11000011001011
11000011001001
11000011000111
11000011000101
11000011000100
11000011000010
11000011000000
11000010111110
11000010111100
11000010111010
11000010111000
11000010110110
11000010110101
11000010110011
11000010110001
11000010101111
11000010101101
11000010101100
11000010101010
11000010101000
11000010100110
11000010100100
11000010100011
11000010100001
11000010011111
11000010011101
11000010011100
11000010011010
11000010011000
11000010010111
11000010010101
11000010010011
11000010010010
11000010010000
11000010001110
11000010001101
11000010001011
11000010001010
11000010001000
11000010000110
11000010000101
11000010000011
11000010000010
11000010000000
11000001111111
11000001111101
11000001111011
11000001111010
11000001111000
11000001110111
11000001110101
11000001110100
11000001110010
11000001110001
11000001110000
11000001101110
11000001101101
11000001101011
11000001101010
11000001101000
11000001100111
11000001100110
11000001100100
11000001100011
11000001100010
11000001100000
11000001011111
11000001011110
11000001011100
11000001011011
11000001011010
11000001011000
11000001010111
11000001010110
11000001010101
11000001010011
11000001010010
11000001010001
11000001010000
11000001001110
11000001001101
11000001001100
11000001001011
11000001001010
11000001001000
11000001000111
11000001000110
11000001000101
11000001000100
11000001000011
11000001000010
11000001000001
11000000111111
11000000111110
11000000111101
11000000111100
11000000111011
11000000111010
11000000111001
11000000111000
11000000110111
11000000110110
11000000110101
11000000110100
11000000110011
11000000110010
11000000110001
11000000110000
11000000101111
11000000101110
11000000101101
11000000101100
11000000101100
11000000101011
11000000101010
11000000101001
11000000101000
11000000100111
11000000100110
11000000100101
11000000100101
11000000100100
11000000100011
11000000100010
11000000100001
11000000100001
11000000100000
11000000011111
11000000011110
11000000011110
11000000011101
11000000011100
11000000011100
11000000011011
11000000011010
11000000011001
11000000011001
11000000011000
11000000010111
11000000010111
11000000010110
11000000010110
11000000010101
11000000010100
11000000010100
11000000010011
11000000010011
11000000010010
11000000010001
11000000010001
11000000010000
11000000010000
11000000001111
11000000001111
11000000001110
11000000001110
11000000001101
11000000001101
11000000001100
11000000001100
11000000001011
11000000001011
11000000001011
11000000001010
11000000001010
11000000001001
11000000001001
11000000001001
11000000001000
11000000001000
11000000001000
11000000000111
11000000000111
11000000000111
11000000000110
11000000000110
11000000000110
11000000000101
11000000000101
11000000000101
11000000000101
11000000000100
11000000000100
11000000000100
11000000000100
11000000000100
11000000000011
11000000000011
11000000000011
11000000000011
11000000000011
11000000000011
11000000000010
11000000000010
11000000000010
11000000000010
11000000000010
11000000000010
11000000000010
11000000000010
11000000000010
11000000000010
11000000000010
11000000000010
11000000000010
11000000000010
11000000000010
11000000000010
11000000000010
11000000000010
11000000000010
11000000000010
11000000000010
11000000000010
11000000000010
11000000000010
11000000000010
11000000000010
11000000000010
11000000000010
11000000000011
11000000000011
11000000000011
11000000000011
11000000000011
11000000000011
11000000000100
11000000000100
11000000000100
11000000000100
11000000000100
11000000000101
11000000000101
11000000000101
11000000000101
11000000000110
11000000000110
11000000000110
11000000000111
11000000000111
11000000000111
11000000001000
11000000001000
11000000001000
11000000001001
11000000001001
11000000001001
11000000001010
11000000001010
11000000001011
11000000001011
11000000001011
11000000001100
11000000001100
11000000001101
11000000001101
11000000001110
11000000001110
11000000001111
11000000001111
11000000010000
11000000010000
11000000010001
11000000010001
11000000010010
11000000010011
11000000010011
11000000010100
11000000010100
11000000010101
11000000010110
11000000010110
11000000010111
11000000010111
11000000011000
11000000011001
11000000011001
11000000011010
11000000011011
11000000011100
11000000011100
11000000011101
11000000011110
11000000011110
11000000011111
11000000100000
11000000100001
11000000100001
11000000100010
11000000100011
11000000100100
11000000100101
11000000100101
11000000100110
11000000100111
11000000101000
11000000101001
11000000101010
11000000101011
11000000101100
11000000101100
11000000101101
11000000101110
11000000101111
11000000110000
11000000110001
11000000110010
11000000110011
11000000110100
11000000110101
11000000110110
11000000110111
11000000111000
11000000111001
11000000111010
11000000111011
11000000111100
11000000111101
11000000111110
11000000111111
11000001000001
11000001000010
11000001000011
11000001000100
11000001000101
11000001000110
11000001000111
11000001001000
11000001001010
11000001001011
11000001001100
11000001001101
11000001001110
11000001010000
11000001010001
11000001010010
11000001010011
11000001010101
11000001010110
11000001010111
11000001011000
11000001011010
11000001011011
11000001011100
11000001011110
11000001011111
11000001100000
11000001100010
11000001100011
11000001100100
11000001100110
11000001100111
11000001101000
11000001101010
11000001101011
11000001101101
11000001101110
11000001110000
11000001110001
11000001110010
11000001110100
11000001110101
11000001110111
11000001111000
11000001111010
11000001111011
11000001111101
11000001111111
11000010000000
11000010000010
11000010000011
11000010000101
11000010000110
11000010001000
11000010001010
11000010001011
11000010001101
11000010001110
11000010010000
11000010010010
11000010010011
11000010010101
11000010010111
11000010011000
11000010011010
11000010011100
11000010011101
11000010011111
11000010100001
11000010100011
11000010100100
11000010100110
11000010101000
11000010101010
11000010101100
11000010101101
11000010101111
11000010110001
11000010110011
11000010110101
11000010110110
11000010111000
11000010111010
11000010111100
11000010111110
11000011000000
11000011000010
11000011000100
11000011000101
11000011000111
11000011001001
11000011001011
11000011001101
11000011001111
11000011010001
11000011010011
11000011010101
11000011010111
11000011011001
11000011011011
11000011011101
11000011011111
11000011100001
11000011100011
11000011100101
11000011100111
11000011101010
11000011101100
11000011101110
11000011110000
11000011110010
11000011110100
11000011110110
11000011111000
11000011111010
11000011111101
11000011111111
11000100000001
11000100000011
11000100000101
11000100001000
11000100001010
11000100001100
11000100001110
11000100010001
11000100010011
11000100010101
11000100010111
11000100011010
11000100011100
11000100011110
11000100100000
11000100100011
11000100100101
11000100100111
11000100101010
11000100101100
11000100101110
11000100110001
11000100110011
11000100110110
11000100111000
11000100111010
11000100111101
11000100111111
11000101000010
11000101000100
11000101000111
11000101001001
11000101001011
11000101001110
11000101010000
11000101010011
11000101010101
11000101011000
11000101011010
11000101011101
11000101100000
11000101100010
11000101100101
11000101100111
11000101101010
11000101101100
11000101101111
11000101110010
11000101110100
11000101110111
11000101111001
11000101111100
11000101111111
11000110000001
11000110000100
11000110000111
11000110001001
11000110001100
11000110001111
11000110010001
11000110010100
11000110010111
11000110011010
11000110011100
11000110011111
11000110100010
11000110100101
11000110100111
11000110101010
11000110101101
11000110110000
11000110110011
11000110110101
11000110111000
11000110111011
11000110111110
11000111000001
11000111000100
11000111000110
11000111001001
11000111001100
11000111001111
11000111010010
11000111010101
11000111011000
11000111011011
11000111011110
11000111100001
11000111100100
11000111100111
11000111101001
11000111101100
11000111101111
11000111110010
11000111110101
11000111111000
11000111111011
11000111111111
11001000000010
11001000000101
11001000001000
11001000001011
11001000001110
11001000010001
11001000010100
11001000010111
11001000011010
11001000011101
11001000100000
11001000100100
11001000100111
11001000101010
11001000101101
11001000110000
11001000110011
11001000110110
11001000111010
11001000111101
11001001000000
11001001000011
11001001000110
11001001001010
11001001001101
11001001010000
11001001010011
11001001010111
11001001011010
11001001011101
11001001100001
11001001100100
11001001100111
11001001101010
11001001101110
11001001110001
11001001110100
11001001111000
11001001111011
11001001111111
11001010000010
11001010000101
11001010001001
11001010001100
11001010001111
11001010010011
11001010010110
11001010011010
11001010011101
11001010100001
11001010100100
11001010100111
11001010101011
11001010101110
11001010110010
11001010110101
11001010111001
11001010111100
11001011000000
11001011000011
11001011000111
11001011001010
11001011001110
11001011010010
11001011010101
11001011011001
11001011011100
11001011100000
11001011100011
11001011100111
11001011101011
11001011101110
11001011110010
11001011110110
11001011111001
11001011111101
11001100000001
11001100000100
11001100001000
11001100001100
11001100001111
11001100010011
11001100010111
11001100011010
11001100011110
11001100100010
11001100100101
11001100101001
11001100101101
11001100110001
11001100110101
11001100111000
11001100111100
11001101000000
11001101000100
11001101000111
11001101001011
11001101001111
11001101010011
11001101010111
11001101011011
11001101011110
11001101100010
11001101100110
11001101101010
11001101101110
11001101110010
11001101110110
11001101111010
11001101111110
11001110000001
11001110000101
11001110001001
11001110001101
11001110010001
11001110010101
11001110011001
11001110011101
11001110100001
11001110100101
11001110101001
11001110101101
11001110110001
11001110110101
11001110111001
11001110111101
11001111000001
11001111000101
11001111001001
11001111001101
11001111010001
11001111010101
11001111011001
11001111011110
11001111100010
11001111100110
11001111101010
11001111101110
11001111110010
11001111110110
11001111111010
11001111111111
11010000000011
11010000000111
11010000001011
11010000001111
11010000010011
11010000011000
11010000011100
11010000100000
11010000100100
11010000101000
11010000101101
11010000110001
11010000110101
11010000111001
11010000111110
11010001000010
11010001000110
11010001001010
11010001001111
11010001010011
11010001010111
11010001011100
11010001100000
11010001100100
11010001101001
11010001101101
11010001110001
11010001110110
11010001111010
11010001111110
11010010000011
11010010000111
11010010001011
11010010010000
11010010010100
11010010011001
11010010011101
11010010100001
11010010100110
11010010101010
11010010101111
11010010110011
11010010111000
11010010111100
11010011000000
11010011000101
11010011001001
11010011001110
11010011010010
11010011010111
11010011011011
11010011100000
11010011100100
11010011101001
11010011101101
11010011110010
11010011110111
11010011111011
11010100000000
11010100000100
11010100001001
11010100001101
11010100010010
11010100010111
11010100011011
11010100100000
11010100100100
11010100101001
11010100101110
11010100110010
11010100110111
11010100111011
11010101000000
11010101000101
11010101001001
11010101001110
11010101010011
11010101010111
11010101011100
11010101100001
11010101100110
11010101101010
11010101101111
11010101110100
11010101111000
11010101111101
11010110000010
11010110000111
11010110001011
11010110010000
11010110010101
11010110011010
11010110011110
11010110100011
11010110101000
11010110101101
11010110110010
11010110110110
11010110111011
11010111000000
11010111000101
11010111001010
11010111001111
11010111010011
11010111011000
11010111011101
11010111100010
11010111100111
11010111101100
11010111110001
11010111110101
11010111111010
11010111111111
11011000000100
11011000001001
11011000001110
11011000010011
11011000011000
11011000011101
11011000100010
11011000100111
11011000101100
11011000110001
11011000110110
11011000111010
11011000111111
11011001000100
11011001001001
11011001001110
11011001010011
11011001011000
11011001011101
11011001100010
11011001100111
11011001101101
11011001110010
11011001110111
11011001111100
11011010000001
11011010000110
11011010001011
11011010010000
11011010010101
11011010011010
11011010011111
11011010100100
11011010101001
11011010101110
11011010110100
11011010111001
11011010111110
11011011000011
11011011001000
11011011001101
11011011010010
11011011010111
11011011011101
11011011100010
11011011100111
11011011101100
11011011110001
11011011110110
11011011111100
11011100000001
11011100000110
11011100001011
11011100010000
11011100010110
11011100011011
11011100100000
11011100100101
11011100101011
11011100110000
11011100110101
11011100111010
11011101000000
11011101000101
11011101001010
11011101001111
11011101010101
11011101011010
11011101011111
11011101100100
11011101101010
11011101101111
11011101110100
11011101111010
11011101111111
11011110000100
11011110001010
11011110001111
11011110010100
11011110011010
11011110011111
11011110100100
11011110101010
11011110101111
11011110110100
11011110111010
11011110111111
11011111000101
11011111001010
11011111001111
11011111010101
11011111011010
11011111100000
11011111100101
11011111101010
11011111110000
11011111110101
11011111111011
11100000000000
11100000000110
11100000001011
11100000010000
11100000010110
11100000011011
11100000100001
11100000100110
11100000101100
11100000110001
11100000110111
11100000111100
11100001000010
11100001000111
11100001001101
11100001010010
11100001011000
11100001011101
11100001100011
11100001101000
11100001101110
11100001110011
11100001111001
11100001111110
11100010000100
11100010001010
11100010001111
11100010010101
11100010011010
11100010100000
11100010100101
11100010101011
11100010110001
11100010110110
11100010111100
11100011000001
11100011000111
11100011001101
11100011010010
11100011011000
11100011011101
11100011100011
11100011101001
11100011101110
11100011110100
11100011111010
11100011111111
11100100000101
11100100001010
11100100010000
11100100010110
11100100011011
11100100100001
11100100100111
11100100101101
11100100110010
11100100111000
11100100111110
11100101000011
11100101001001
11100101001111
11100101010100
11100101011010
11100101100000
11100101100110
11100101101011
11100101110001
11100101110111
11100101111100
11100110000010
11100110001000
11100110001110
11100110010011
11100110011001
11100110011111
11100110100101
11100110101010
11100110110000
11100110110110
11100110111100
11100111000010
11100111000111
11100111001101
11100111010011
11100111011001
11100111011111
11100111100100
11100111101010
11100111110000
11100111110110
11100111111100
11101000000001
11101000000111
11101000001101
11101000010011
11101000011001
11101000011111
11101000100100
11101000101010
11101000110000
11101000110110
11101000111100
11101001000010
11101001001000
11101001001101
11101001010011
11101001011001
11101001011111
11101001100101
11101001101011
11101001110001
11101001110111
11101001111100
11101010000010
11101010001000
11101010001110
11101010010100
11101010011010
11101010100000
11101010100110
11101010101100
11101010110010
11101010111000
11101010111110
11101011000011
11101011001001
11101011001111
11101011010101
11101011011011
11101011100001
11101011100111
11101011101101
11101011110011
11101011111001
11101011111111
11101100000101
11101100001011
11101100010001
11101100010111
11101100011101
11101100100011
11101100101001
11101100101111
11101100110101
11101100111011
11101101000001
11101101000111
11101101001101
11101101010011
11101101011001
11101101011111
11101101100101
11101101101011
11101101110001
11101101110111
11101101111101
11101110000011
11101110001001
11101110001111
11101110010101
11101110011011
11101110100001
11101110100111
11101110101101
11101110110011
11101110111001
11101110111111
11101111000101
11101111001011
11101111010010
11101111011000
11101111011110
11101111100100
11101111101010
11101111110000
11101111110110
11101111111100
11110000000010
11110000001000
11110000001110
11110000010100
11110000011010
11110000100001
11110000100111
11110000101101
11110000110011
11110000111001
11110000111111
11110001000101
11110001001011
11110001010001
11110001010111
11110001011110
11110001100100
11110001101010
11110001110000
11110001110110
11110001111100
11110010000010
11110010001000
11110010001111
11110010010101
11110010011011
11110010100001
11110010100111
11110010101101
11110010110011
11110010111010
11110011000000
11110011000110
11110011001100
11110011010010
11110011011000
11110011011111
11110011100101
11110011101011
11110011110001
11110011110111
11110011111101
11110100000100
11110100001010
11110100010000
11110100010110
11110100011100
11110100100010
11110100101001
11110100101111
11110100110101
11110100111011
11110101000001
11110101001000
11110101001110
11110101010100
11110101011010
11110101100000
11110101100110
11110101101101
11110101110011
11110101111001
11110101111111
11110110000101
11110110001100
11110110010010
11110110011000
11110110011110
11110110100101
11110110101011
11110110110001
11110110110111
11110110111101
11110111000100
11110111001010
11110111010000
11110111010110
11110111011101
11110111100011
11110111101001
11110111101111
11110111110101
11110111111100
11111000000010
11111000001000
11111000001110
11111000010101
11111000011011
11111000100001
11111000100111
11111000101110
11111000110100
11111000111010
11111001000000
11111001000111
11111001001101
11111001010011
11111001011001
11111001011111
11111001100110
11111001101100
11111001110010
11111001111000
11111001111111
11111010000101
11111010001011
11111010010010
11111010011000
11111010011110
11111010100100
11111010101011
11111010110001
11111010110111
11111010111101
11111011000100
11111011001010
11111011010000
11111011010110
11111011011101
11111011100011
11111011101001
11111011101111
11111011110110
11111011111100
11111100000010
11111100001001
11111100001111
11111100010101
11111100011011
11111100100010
11111100101000
11111100101110
11111100110100
11111100111011
11111101000001
11111101000111
11111101001110
11111101010100
11111101011010
11111101100000
11111101100111
11111101101101
11111101110011
11111101111001
11111110000000
11111110000110
11111110001100
11111110010011
11111110011001
11111110011111
11111110100101
11111110101100
11111110110010
11111110111000
11111110111111
11111111000101
11111111001011
11111111010001
11111111011000
11111111011110
11111111100100
11111111101011
11111111110001
11111111110111
11111111111101